Title: Transiting Exoplanet Monitoring Project (TEMP). VI. The Homogeneous
    Refinement of System Parameters for 39 Transiting Hot Jupiters with 127
    New Light Curves 
Authors: Wang X.-Y., Wang Y.-H., Wang S., Wu Z.-Y., Rice M., Zhou X.,
    Hinse T.C., Liu H.-G., Ma B., Peng X., Zhang H., Yu C., Zhou J.-L., 
    Laughlin G.
Table: Stellar Parameters
================================================================================
Byte-by-byte Description of file: datafile5.txt
--------------------------------------------------------------------------------
   Bytes Format Units     Label  Explanations
--------------------------------------------------------------------------------
   1-  8 A8     ---       Star   Star
  10- 14 F5.3   Msun      Mstar  Stellar mass, solar units
  16- 20 F5.3   Msun    E_Mstar  Upper uncertainty in Mstar
  22- 26 F5.3   Msun    e_Mstar  Lower uncertainty in Mstar
  28- 33 F6.4   Rsun      Rstar  Stellar radius, solar units
  35- 40 F6.4   Rsun    E_Rstar  Upper uncertainty in Rstar
  42- 47 F6.4   Rsun    e_Rstar  Lower uncertainty in Rstar
  49- 54 F6.4   [cm/s2]   logg   log, surface gravity 
  56- 61 F6.4   [cm/s2] E_logg   Upper uncertainty in logg
  63- 68 F6.4   [cm/s2] e_logg   Lower uncertainty in logg
  70- 73 I4     K         Teff   Stellar effective temperature
  75- 77 I3     K       E_Teff   Upper uncertainty in Teff
  79- 81 I3     K       e_Teff   Lower uncertainty in Teff
  83- 88 F6.3   [-]       FeH    Metallicity
  90- 94 F5.3   [-]     E_FeH    Upper uncertainty in FeH
  96-100 F5.3   [-]     e_FeH    Lower uncertainty in FeH
--------------------------------------------------------------------------------
GJ 436   0.426 0.027 0.017 0.415  0.014  0.010  4.833  0.013  0.013  3370  94  95 -0.46  0.31  0.24  
HAT-P-12 0.719 0.016 0.016 0.7084 0.0095 0.0095 4.594  0.013  0.013  4710  49  49 -0.240 0.055 0.062 
HAT-P-16 1.187 0.058 0.065 1.217  0.022  0.022  4.342  0.024  0.027  6196  59  71  0.11  0.15  0.11  
HAT-P-18 0.750 0.015 0.014 0.7202 0.0095 0.010  4.599  0.013  0.013  4835  39  35  0.044 0.060 0.051 
HAT-P-19 0.863 0.029 0.025 0.851  0.013  0.013  4.514  0.019  0.017  5049  42  65  0.283 0.081 0.079 
HAT-P-20 0.764 0.042 0.051 0.685  0.016  0.021  4.650  0.018  0.018  4622  57  49  0.23  0.25  0.24  
HAT-P-22 1.051 0.045 0.050 0.990  0.018  0.018  4.4687 0.0096 0.013  5426  55  52  0.325 0.084 0.081 
HAT-P-24 1.228 0.035 0.036 1.372  0.018  0.018  4.252  0.017  0.017  6488  70  68 -0.056 0.050 0.054 
HAT-P-27 0.907 0.040 0.036 0.896  0.015  0.015  4.491  0.024  0.023  5162  41  41  0.210 0.097 0.097 
HAT-P-3  0.960 0.031 0.034 0.8627 0.0090 0.012  4.550  0.015  0.016  5133  36  31  0.332 0.074 0.073 
HAT-P-30 1.314 0.053 0.056 1.381  0.020  0.022  4.277  0.019  0.021  6216  56  48  0.155 0.077 0.079 
HAT-P-37 0.953 0.035 0.040 0.8635 0.0072 0.0070 4.545  0.016  0.019  5479  37  52  0.22  0.12  0.12  
HAT-P-39 1.414 0.039 0.039 1.723  0.028  0.028  4.116  0.017  0.016  6412  56  58  0.118 0.074 0.066 
HAT-P-4  1.260 0.043 0.042 1.573  0.015  0.015  4.145  0.015  0.015  5927  57  47  0.258 0.070 0.074 
HAT-P-42 1.145 0.052 0.052 1.27   0.11   0.11   4.288  0.073  0.067  5773  45  40  0.312 0.072 0.074 
HAT-P-43 1.042 0.036 0.035 1.076  0.025  0.025  4.392  0.026  0.023  5656  37  29  0.267 0.061 0.064 
HAT-P-5  1.056 0.067 0.067 1.085  0.012  0.012  4.391  0.029  0.031  5844  54  52  0.14  0.18  0.15  
HAT-P-52 0.891 0.023 0.022 0.886  0.031  0.030  4.492  0.030  0.029  5144  47  48  0.319 0.076 0.078 
HAT-P-53 1.078 0.036 0.037 1.127  0.039  0.036  4.367  0.030  0.032  5942  36  40 -0.001 0.077 0.064 
HAT-P-54 0.706 0.027 0.025 0.6703 0.0098 0.0097 4.635  0.019  0.018  4369  62  71  0.157 0.076 0.075 
HAT-P-56 1.319 0.033 0.033 1.429  0.024  0.023  4.248  0.017  0.018  6564  47  46  0.11  0.14  0.10  
HAT-P-8  1.270 0.030 0.030 1.491  0.016  0.014  4.1956 0.0095 0.013  6410 140 140 -0.018 0.072 0.056 
KELT-3   1.301 0.046 0.046 1.583  0.036  0.036  4.153  0.024  0.024  6306  36  35  0.030 0.072 0.066 
Qatar-4  0.856 0.029 0.030 0.800  0.015  0.014  4.565  0.018  0.020  5174  33  35  0.095 0.076 0.088 
TrES-1   0.886 0.021 0.022 0.8200 0.0079 0.0078 4.5577 0.0096 0.010  5316  43  42  0.017 0.045 0.041 
WASP-104 1.003 0.030 0.032 0.9277 0.0089 0.0085 4.504  0.014  0.016  5392  69  73  0.348 0.076 0.076 
WASP-24  1.177 0.025 0.025 1.312  0.019  0.020  4.273  0.015  0.014  6489  89  74 -0.37  0.12  0.18  
WASP-28  1.082 0.068 0.071 1.132  0.019  0.018  4.365  0.027  0.033  5976  54  60  0.06  0.17  0.12  
WASP-36  1.030 0.033 0.036 0.966  0.013  0.014  4.4807 0.0086 0.0085 6150 110 100 -0.31  0.20  0.27  
WASP-37  0.926 0.039 0.034 1.071  0.019  0.018  4.346  0.023  0.021  5795  69  64 -0.098 0.050 0.060 
WASP-38  1.200 0.029 0.029 1.368  0.014  0.014  4.2450 0.0081 0.0083 6168  57  58 -0.001 0.065 0.064 
WASP-43  0.723 0.028 0.031 0.6747 0.0086 0.0097 4.639  0.010  0.010  4286  34  40  0.28  0.19  0.21  
WASP-52  0.886 0.039 0.043 0.825  0.012  0.012  4.553  0.019  0.024  5070  35  40  0.37  0.13  0.17  
WASP-56  1.092 0.023 0.023 1.129  0.021  0.020  4.371  0.018  0.018  5646  49  48  0.160 0.057 0.057 
WASP-60  1.082 0.032 0.031 1.384  0.039  0.037  4.190  0.026  0.027  5926  77  76  0.023 0.067 0.055 
WASP-65  1.098 0.046 0.052 1.056  0.017  0.018  4.430  0.016  0.015  5749  45  48  0.447 0.086 0.13  
WASP-80  0.614 0.014 0.012 0.6023 0.0066 0.0052 4.6672 0.0092 0.011  4158  41  49 -0.011 0.034 0.017 
XO-2     0.967 0.029 0.028 1.004  0.013  0.013  4.420  0.017  0.016  5360  50  50  0.436 0.043 0.046 
XO-5     1.053 0.064 0.062 1.065  0.026  0.026  4.406  0.029  0.029  5515  69  68  0.447 0.079 0.12  
