#Time(BJDTDB) RV(km/s) RV_err (km/s) ExposureTime(s) SNR
2459315.9428417 -5.5964 0.0034 1500 27.0 
2459330.7211343 -5.5547 0.0117 900 6.3   
2459330.7388238 -5.5485 0.0110 900 6.9   
2459330.7492681 -5.5770 0.0070 900 11.7  
2459330.7694467 -5.5867 0.0062 900 13.4  
2459330.7801257 -5.5777 0.0063 900 12.7  
2459330.7906415 -5.5938 0.0074 900 11.9  
2459330.9515149 -5.5846 0.0054 900 15.5  
2459330.9624932 -5.5964 0.0050 900 17.3  
2459330.9733829 -5.5858 0.0047 900 18.5  
2459330.9837443 -5.6060 0.0046 900 19.3  
2459385.7243054 -5.5834 0.0051 1500 16.7 
2459391.8112512 -5.5739 0.0056 1500 14.4 
2459393.7383503 -5.6499 0.0041 1500 22.3 
2459411.8671399 -5.5877 0.0049 1500 17.9 
2459413.7101199 -5.5683 0.0034 1500 27.0 
2459422.8597083 -5.5831 0.0044 1500 20.5 
2459663.9166907 -5.5378 0.0022 1800 42.6 
2459664.9400963 -5.5554 0.0042 1800 19.7 
2459675.9672269 -5.6361 0.0026 1800 33.9 
2459677.9461454 -5.6118 0.0038 1800 22.2 
2459678.9263820 -5.6029 0.0025 1800 35.8 
2459732.7399452 -5.5391 0.0029 1800 30.8 
2460071.8223352 -5.5780 0.0023 1800 39.5 
2460073.9124260 -5.5683 0.0026 1800 34.7 
2460087.9056357 -5.5988 0.0029 1800 31.5 
2460088.9309253 -5.6262 0.0026 1800 34.5 
2460102.8608833 -5.5271 0.0045 1800 18.6 
2460112.8644161 -5.5396 0.0033 1800 26.8 
2460113.8972407 -5.5644 0.0033 1800 27.7 
2460118.8775673 -5.5985 0.0033 1800 27.4 
2460119.8596714 -5.5908 0.0033 1800 27.6 
2460127.8268419 -5.6069 0.0032 1800 28.0 
2460193.7601282 -5.6099 0.0042 1800 21.0 
2460239.6582240 -5.6127 0.0050 1800 16.7 
2460240.6497251 -5.5931 0.0045 1800 18.5 
2460243.6615824 -5.5407 0.0047 1800 18.2 
2460450.8066093 -5.6824 0.0037 1800 23.2 
2460557.7530115 -5.5673 0.0046 1800 18.2 
2460559.6984408 -5.5500 0.0025 1800 37.6 
2460560.7707719 -5.5413 0.0045 1800 19.6 
2460568.7164016 -5.6731 0.0052 1800 15.9 
2460574.7008392 -5.6359 0.0049 1800 17.1 
2460576.7174898 -5.5872 0.0029 1800 31.2 
2460577.7008068 -5.5662 0.0040 1800 22.3 
2460578.7250839 -5.5538 0.0042 1800 21.0 
2460579.7154336 -5.5441 0.0053 1800 15.9 
2460734.0298369 -5.5770 0.0027 1800 33.8  
